0 0.1093969144460028 0.09416666666666666 0.2187938288920056 0.11166666666666666
0 0.44985974754558206 0.53 0.4523141654978962 0.19
0 0.105890603085554 0.53 0.211781206171108 0.1
0 0.23387096774193547 0.7591666666666667 0.05119214586255259 0.20833333333333334
0 0.35834502103786814 0.6483333333333333 0.13464235624123422 0.09
0 0.4561711079943899 0.7666666666666667 0.04838709677419355 0.19
0 0.6623422159887798 0.7583333333333333 0.05539971949509116 0.19333333333333333
0 0.7917251051893408 0.6741666666666667 0.05890603085553997 0.045
0 0.8776297335203366 0.6583333333333333 0.08906030855539972 0.06333333333333334
0 0.9631837307152875 0.6725 0.05539971949509116 0.028333333333333332
0 0.056802244039270686 0.6616666666666666 0.07713884992987377 0.06333333333333334
