0 0.11044880785413745 0.08916666666666667 0.2208976157082749 0.11166666666666666
0 0.4519635343618513 0.525 0.4523141654978962 0.19
0 0.10694249649368864 0.525 0.2138849929873773 0.1
0 0.23597475455820477 0.7541666666666667 0.05119214586255259 0.20833333333333334
0 0.36044880785413747 0.6433333333333333 0.13464235624123422 0.09
0 0.4582748948106592 0.7616666666666667 0.04838709677419355 0.19
0 0.6644460028050491 0.7533333333333333 0.05539971949509116 0.19333333333333333
0 0.7938288920056101 0.6691666666666667 0.05890603085553997 0.045
0 0.8797335203366059 0.6533333333333333 0.08906030855539972 0.06333333333333334
0 0.9652875175315568 0.6675 0.05539971949509116 0.028333333333333332
0 0.05890603085553997 0.6566666666666666 0.07713884992987377 0.06333333333333334
