0 0.20977011494252873 0.3778846153846154 0.08456486042692939 0.051923076923076926
0 0.5168308702791461 0.37596153846153846 0.11412151067323481 0.04038461538461539
0 0.6962233169129721 0.3721153846153846 0.17733990147783252 0.07115384615384615
0 0.8969622331691297 0.37115384615384617 0.20607553366174056 0.09230769230769231
0 0.9404761904761905 0.7461538461538462 0.05829228243021346 0.04230769230769231
0 0.6198686371100164 0.7355769230769231 0.06896551724137931 0.03653846153846154
0 0.5238095238095238 0.7355769230769231 0.05582922824302135 0.032692307692307694
0 0.4100985221674877 0.7423076923076923 0.07471264367816093 0.026923076923076925
0 0.291871921182266 0.7576923076923077 0.0665024630541872 0.026923076923076925
0 0.19704433497536947 0.7567307692307692 0.0722495894909688 0.032692307692307694
0 0.09195402298850575 0.7615384615384615 0.08045977011494253 0.026923076923076925
