0 0.20402735562310031 0.351423487544484 0.07826747720364742 0.04804270462633452
0 0.48822188449848025 0.349644128113879 0.10562310030395136 0.037366548042704624
0 0.6542553191489362 0.34608540925266906 0.1641337386018237 0.06583629893238434
0 0.8700607902735562 0.34519572953736655 0.2507598784194529 0.08540925266903915
0 0.8803191489361702 0.6921708185053381 0.053951367781155016 0.03914590747330961
0 0.973404255319149 0.6895017793594306 0.05319148936170213 0.04092526690391459
0 0.5835866261398176 0.6823843416370107 0.06382978723404255 0.033807829181494664
0 0.4946808510638298 0.6823843416370107 0.05167173252279635 0.030249110320284697
0 0.38943768996960487 0.6886120996441281 0.06914893617021277 0.02491103202846975
0 0.28001519756838905 0.702846975088968 0.06155015197568389 0.02491103202846975
0 0.19224924012158054 0.7019572953736655 0.0668693009118541 0.030249110320284697
0 0.09498480243161095 0.7064056939501779 0.07446808510638298 0.02491103202846975
