0 0.11317567567567567 0.0921474358974359 0.225 0.10737179487179487
0 0.4483108108108108 0.5112179487179487 0.4358108108108108 0.18269230769230768
0 0.11283783783783784 0.5112179487179487 0.21216216216216216 0.09615384615384616
0 0.2402027027027027 0.7315705128205128 0.04932432432432433 0.20032051282051283
0 0.3601351351351351 0.625 0.12972972972972974 0.08653846153846154
0 0.4543918918918919 0.7387820512820513 0.046621621621621624 0.18269230769230768
0 0.6530405405405405 0.7307692307692307 0.05337837837837838 0.1858974358974359
0 0.7777027027027027 0.6498397435897436 0.05675675675675676 0.04326923076923077
0 0.860472972972973 0.6346153846153846 0.08581081081081081 0.060897435897435896
0 0.9429054054054054 0.6482371794871795 0.05337837837837838 0.027243589743589744
0 0.06959459459459459 0.6378205128205128 0.07432432432432433 0.060897435897435896
