0 0.2032306536438768 0.35475352112676056 0.07738542449286251 0.04753521126760563
0 0.48422238918106686 0.3529929577464789 0.10443275732531931 0.03697183098591549
0 0.6483846731780616 0.3494718309859155 0.1622839969947408 0.06514084507042253
0 0.8617580766341096 0.3485915492957746 0.24793388429752067 0.08450704225352113
0 0.871900826446281 0.6919014084507042 0.05334335086401202 0.03873239436619718
0 0.9639368895567243 0.6892605633802817 0.05259203606311044 0.040492957746478875
0 0.5785123966942148 0.6822183098591549 0.06311044327573254 0.03345070422535211
0 0.4906085649887303 0.6822183098591549 0.05108940646130729 0.02992957746478873
0 0.38655146506386173 0.6883802816901409 0.06836964688204357 0.02464788732394366
0 0.27836213373403457 0.7024647887323944 0.0608564988730278 0.02464788732394366
0 0.19158527422990232 0.7015845070422535 0.06611570247933884 0.02992957746478873
0 0.09541697971450037 0.7059859154929577 0.07362885048835462 0.02464788732394366
